6
1
8
6
9
8
5
2
7
2
9
1
9
5
5
5
9
5
1
5
9
7
1
3
6
2
5
6
9
5
2
8
2
8
3
9
1
2
8
1
7
9
2
1
1
4
7
2
1
4
9
7
8
8
3
7
5
6
9
7
2
1
6
6
8
7
5
5
7
3
5
8
4
7
5
2
9
3
9
8
2
1
7
8
6
9
5
4
1
1
3
8
1
2
3
8
3
7
7
4
3
7
2
2
2
1
1
5
7
7
3
3
6
9
4
8
6
4
4
6
6
4
4
9
4
4
2
6
4
4
2
3
5
7
1
7
7
5
7
6
6
4
8
3
3
8
7
1
2
6
1
3
9
4
1
6
4
5
3
7
4
4
3
3
3
8
5
5
2
2
6
1
6
4
4
4
6
3
1
9
2
8
6
2
1
4
2
9
6
8
1
4
6
1
8
5
6
2
8
9
8
3
3
3
7
8
2
1
2
8
6
7
4
4
5
3
9
10
1
1
6
1
6
7
3
7
1
5
9
7
8
9
5
5
6
3
9
7
2
8
4
4
4
6
4
9
5
5
3
1
