3
9
4
9
7
4
1
4
4
4
2
6
4
3
8
8
8
5
5
5
4
6
3
5
2
1
4
7
7
5
2
9
3
4
4
7
8
3
2
9
1
4
6
1
6
6
2
7
7
9
5
4
7
1
1
8
1
8
1
1
8
4
4
7
2
8
2
7
2
2
2
1
7
4
6
3
7
7
5
5
1
6
1
7
4
2
2
7
3
10
6
2
7
6
3
4
6
1
9
1
3
9
2
5
3
3
8
6
5
8
2
8
3
1
3
5
6
9
4
6
4
3
9
5
3
5
2
1
2
7
2
1
5
3
4
4
6
2
3
1
5
2
9
8
1
2
2
9
2
10
7
8
2
5
5
9
4
5
1
3
6
1
4
2
7
6
9
4
7
5
5
8
9
5
8
5
1
4
8
5
6
4
5
1
6
9
7
7
3
1
6
2
1
2
2
7
3
9
7
6
8
3
8
3
8
3
2
6
4
5
3
7
2
9
9
2
8
5
6
6
5
9
8
8
3
6
3
8
6
8
3
1
1
4
3
4
5
5
1
4
8
6
6
3
9
2
5
1
6
1
