2
1
4
3
8
8
1
7
9
4
10
4
6
2
8
9
7
7
7
4
6
9
9
5
2
9
4
2
4
3
6
4
8
6
8
6
1
1
4
4
3
1
5
5
4
6
3
3
9
8
8
4
2
7
6
7
8
5
8
3
5
9
4
3
6
5
5
10
5
7
1
1
4
1
8
8
3
1
9
3
1
5
7
7
2
4
8
3
6
7
3
4
6
1
7
1
6
2
2
9
6
3
5
2
5
8
1
6
7
4
7
6
2
8
2
1
3
6
2
3
7
4
6
6
3
4
7
2
4
3
7
7
2
2
8
5
6
5
2
8
3
5
4
9
2
6
5
3
1
6
4
5
2
2
8
6
8
8
9
4
8
1
4
7
9
6
1
1
2
6
10
7
6
9
3
7
9
3
5
5
2
1
2
3
6
7
1
7
4
4
5
5
7
2
3
2
8
5
3
8
2
9
3
1
4
1
1
2
6
4
7
1
3
8
1
7
4
2
5
2
2
3
9
7
6
5
2
5
2
5
3
7
9
7
5
9
4
9
5
5
7
1
5
6
4
7
5
5
8
1
