5
1
7
8
6
5
9
1
5
8
2
2
3
9
1
2
6
9
7
2
9
6
8
2
9
4
6
9
7
6
3
7
2
8
1
3
5
2
7
3
2
5
7
1
4
8
9
2
9
8
6
6
2
1
1
7
10
4
5
5
9
8
7
8
2
3
3
2
3
3
1
6
4
1
10
5
8
4
1
3
2
2
3
7
5
2
7
1
8
4
5
8
1
6
5
1
3
2
6
8
1
9
9
4
3
1
1
4
3
4
4
5
1
8
5
5
5
7
9
4
4
6
4
2
6
9
5
7
7
5
2
3
1
1
2
4
4
3
3
6
1
1
2
7
6
5
2
4
8
1
4
8
6
6
6
4
1
8
2
4
7
5
4
9
3
8
9
6
2
1
7
7
2
5
6
9
1
6
2
4
6
6
5
3
1
1
7
10
2
1
4
9
1
8
5
6
3
5
2
6
9
4
3
3
5
3
8
5
7
6
3
8
7
7
6
2
2
3
7
1
8
5
3
7
3
5
9
5
6
9
4
3
7
6
2
7
6
3
2
6
6
2
7
4
3
8
6
3
1
6
